31.0104961395 70.0
31.2305040359 70.0
31.6529941559 70.0
32.0754821301 71.0
32.4978320599 70.0
32.9201719761 71.0
33.3425040245 71.0
33.7648141384 71.0
34.1872851849 71.0
34.609732151 71.0
35.031881094 70.0
35.4545230865 71.0
35.8768200874 71.0
36.2991421223 70.0
36.7214651108 71.0
37.1437511444 71.0
37.5661110878 70.0
37.9884929657 71.0
38.4107861519 71.0
38.8328411579 71.0
39.2552709579 70.0
39.6774821281 71.0
40.0996661186 71.0
40.5219089985 70.0
40.944106102 71.0
41.3662521839 71.0
41.7883939743 71.0
42.2104640007 71.0
42.6325910091 71.0
43.0547611713 71.0
43.4768819809 71.0
43.8989059925 71.0
44.3210020065 71.0
44.7431480885 72.0
45.1652441025 72.0
45.5874431133 71.0
46.0095551014 71.0
46.4315810204 72.0
46.8536281586 71.0
47.2756941319 71.0
47.6977219582 72.0
48.119492054 72.0
48.5418100357 72.0
48.9638550282 72.0
49.3858661652 71.0
49.807721138 72.0
50.2295510769 71.0
50.6513609886 71.0
51.07320714 72.0
51.4950330257 71.0
51.9165251255 71.0
52.3385570049 72.0
52.7603771687 71.0
53.1821601391 72.0
53.6038630009 72.0
54.0255770683 72.0
54.4472560883 72.0
54.8690359592 71.0
55.2908041477 72.0
55.7125821114 72.0
56.1340279579 72.0
56.5557670593 72.0
56.9774091244 72.0
57.3992490768 72.0
57.8205940723 72.0
58.2423181534 72.0
58.6640460491 72.0
59.0855510235 72.0
59.5072500706 72.0
59.9286801815 72.0
60.350135088 72.0
60.771697998 72.0
61.1933369637 72.0
61.6147391796 72.0
62.0363810062 72.0
62.4578931332 72.0
62.8793280125 72.0
63.3010401726 72.0
63.722481966 72.0
64.1439170837 72.0
64.5653240681 72.0
64.9867610931 72.0
65.4081599712 72.0
65.8296430111 72.0
66.2510061264 72.0
66.6724369526 72.0
67.0936839581 72.0
67.5149049759 72.0
67.9364249706 72.0
68.3577201366 72.0
68.7789690495 72.0
69.200343132 72.0
69.6211571693 72.0
70.0427570343 72.0
70.4640860558 72.0
70.8853390217 72.0
71.3066630363 72.0
71.7278561592 72.0
72.1489059925 72.0
72.5703020096 72.0
72.9913871288 72.0
73.4126281738 72.0
73.8336961269 72.0
74.2548630238 72.0
74.6760001183 72.0
75.0971190929 72.0
75.5181450844 72.0
75.9393150806 72.0
76.3603520393 72.0
76.7817139626 72.0
77.2026779652 72.0
77.6238219738 72.0
78.0448241234 72.0
78.4660129547 72.0
78.8869919777 72.0
79.2053699493 72.0
79.3080749512 72.0
79.7290990353 71.0
80.1498451233 72.0
80.5710160732 72.0
80.641546011 72.0
80.992123127 72.0
81.4129030704 72.0
81.834141016 72.0
82.0778460503 72.0
82.2551419735 72.0
82.6759331226 72.0
83.0967099667 72.0
83.5177481174 72.0
83.9385991096 72.0
84.3598120213 72.0
84.7807660103 72.0
85.2015690804 72.0
85.6226580143 72.0
86.043612957 73.0
86.4645490646 72.0
86.8851900101 73.0
87.3061411381 72.0
87.7269029617 73.0
88.1476011276 72.0
88.5684051514 72.0
88.989107132 73.0
89.4097821712 73.0
89.8306591511 73.0
90.2512710094 72.0
90.6719861031 72.0
91.0926640034 73.0
91.5133891106 72.0
91.9340131283 73.0
92.3545780182 73.0
92.7750279903 72.0
93.1958310604 73.0
93.6165781021 72.0
94.037266016 72.0
